-5986,63,5374
-5986,63,5378
-5984,63,5376
-5982,63,5374
-5982,63,5378
-5986,64,5374
-5986,64,5378
-5984,64,5376
-5982,64,5374
-5982,64,5378
-5986,65,5374
-5986,65,5378
-5984,65,5376
-5982,65,5374
-5982,65,5378
-5986,66,5374
-5986,66,5378
-5984,66,5376
-5982,66,5374
-5982,66,5378
-5986,67,5374
-5986,67,5375
-5986,67,5376
-5986,67,5377
-5986,67,5378
-5985,67,5374
-5985,67,5378
-5984,67,5374
-5984,67,5378
-5983,67,5374
-5983,67,5378
-5982,67,5374
-5982,67,5375
-5982,67,5376
-5982,67,5377
-5982,67,5378
-5986,68,5374
-5986,68,5378
-5984,68,5376
-5982,68,5374
-5982,68,5378
-5986,69,5374
-5986,69,5378
-5984,69,5376
-5982,69,5374
-5982,69,5378
-5986,70,5374
-5986,70,5378
-5984,70,5376
-5982,70,5374
-5982,70,5378
-5986,71,5374
-5986,71,5378
-5984,71,5376
-5982,71,5374
-5982,71,5378
-5986,72,5374
-5986,72,5375
-5986,72,5376
-5986,72,5377
-5986,72,5378
-5985,72,5374
-5985,72,5378
-5984,72,5374
-5984,72,5378
-5983,72,5374
-5983,72,5378
-5982,72,5374
-5982,72,5375
-5982,72,5376
-5982,72,5377
-5982,72,5378
-5986,73,5374
-5986,73,5378
-5984,73,5376
-5982,73,5374
-5982,73,5378
-5986,74,5374
-5986,74,5378
-5984,74,5376
-5982,74,5374
-5982,74,5378
-5986,75,5374
-5986,75,5378
-5984,75,5376
-5982,75,5374
-5982,75,5378
-5986,76,5374
-5986,76,5378
-5984,76,5376
-5982,76,5374
-5982,76,5378
-5986,77,5374
-5986,77,5375
-5986,77,5376
-5986,77,5377
-5986,77,5378
-5985,77,5374
-5985,77,5375
-5985,77,5376
-5985,77,5377
-5985,77,5378
-5984,77,5374
-5984,77,5375
-5984,77,5376
-5984,77,5378
-5983,77,5374
-5983,77,5375
-5983,77,5376
-5983,77,5377
-5983,77,5378
-5982,77,5374
-5982,77,5375
-5982,77,5376
-5982,77,5377
-5982,77,5378
-5986,78,5374
-5986,78,5375
-5986,78,5376
-5986,78,5377
-5986,78,5378
-5985,78,5374
-5985,78,5378
-5984,78,5374
-5983,78,5374
-5983,78,5378
-5982,78,5374
-5982,78,5375
-5982,78,5376
-5982,78,5377
-5982,78,5378
-5986,79,5374
-5986,79,5375
-5986,79,5377
-5986,79,5378
-5985,79,5374
-5985,79,5378
-5983,79,5374
-5983,79,5378
-5982,79,5374
-5982,79,5375
-5982,79,5377
-5982,79,5378
-5986,80,5374
-5986,80,5375
-5986,80,5376
-5986,80,5377
-5986,80,5378
-5985,80,5374
-5985,80,5378
-5984,80,5374
-5984,80,5378
-5983,80,5374
-5983,80,5378
-5982,80,5374
-5982,80,5375
-5982,80,5376
-5982,80,5377
-5982,80,5378
-5986,81,5374
-5986,81,5375
-5986,81,5376
-5986,81,5377
-5986,81,5378
-5985,81,5374
-5985,81,5378
-5984,81,5374
-5984,81,5378
-5983,81,5374
-5983,81,5378
-5982,81,5374
-5982,81,5375
-5982,81,5376
-5982,81,5377
-5982,81,5378
-5985,82,5374
-5985,82,5375
-5985,82,5378
-5984,82,5374
-5984,82,5375
-5984,82,5376
-5984,82,5378
-5983,82,5374
-5983,82,5375
-5983,82,5376
-5983,82,5377
-5983,82,5378
-5984,83,5374
-5984,83,5375
-5984,83,5376
-5984,83,5377
-5984,83,5378
-5988,63,5372
-5988,63,5373
-5988,63,5374
-5988,63,5375
-5988,63,5376
-5988,63,5377
-5988,63,5378
-5988,63,5379
-5988,63,5380
-5987,63,5372
-5987,63,5373
-5987,63,5374
-5987,63,5375
-5987,63,5376
-5987,63,5377
-5987,63,5378
-5987,63,5379
-5987,63,5380
-5986,63,5372
-5986,63,5373
-5986,63,5375
-5986,63,5376
-5986,63,5377
-5986,63,5379
-5986,63,5380
-5985,63,5372
-5985,63,5373
-5985,63,5374
-5985,63,5375
-5985,63,5376
-5985,63,5377
-5985,63,5378
-5985,63,5379
-5985,63,5380
-5984,63,5372
-5984,63,5373
-5984,63,5374
-5984,63,5375
-5984,63,5377
-5984,63,5378
-5984,63,5379
-5984,63,5380
-5983,63,5372
-5983,63,5373
-5983,63,5374
-5983,63,5375
-5983,63,5376
-5983,63,5377
-5983,63,5378
-5983,63,5379
-5983,63,5380
-5982,63,5372
-5982,63,5373
-5982,63,5375
-5982,63,5376
-5982,63,5377
-5982,63,5379
-5982,63,5380
-5981,63,5372
-5981,63,5373
-5981,63,5374
-5981,63,5375
-5981,63,5376
-5981,63,5377
-5981,63,5378
-5981,63,5379
-5981,63,5380
-5980,63,5372
-5980,63,5373
-5980,63,5374
-5980,63,5375
-5980,63,5376
-5980,63,5377
-5980,63,5378
-5980,63,5379
-5980,63,5380
-5988,64,5372
-5988,64,5373
-5988,64,5374
-5988,64,5375
-5988,64,5376
-5988,64,5377
-5988,64,5378
-5988,64,5379
-5988,64,5380
-5987,64,5372
-5987,64,5373
-5987,64,5374
-5987,64,5375
-5987,64,5376
-5987,64,5377
-5987,64,5378
-5987,64,5379
-5987,64,5380
-5986,64,5372
-5986,64,5373
-5986,64,5375
-5986,64,5376
-5986,64,5377
-5986,64,5379
-5986,64,5380
-5985,64,5372
-5985,64,5373
-5985,64,5374
-5985,64,5375
-5985,64,5376
-5985,64,5377
-5985,64,5378
-5985,64,5379
-5985,64,5380
-5984,64,5372
-5984,64,5373
-5984,64,5374
-5984,64,5375
-5984,64,5377
-5984,64,5378
-5984,64,5379
-5984,64,5380
-5983,64,5372
-5983,64,5373
-5983,64,5374
-5983,64,5375
-5983,64,5376
-5983,64,5377
-5983,64,5378
-5983,64,5379
-5983,64,5380
-5982,64,5372
-5982,64,5373
-5982,64,5375
-5982,64,5376
-5982,64,5377
-5982,64,5379
-5982,64,5380
-5981,64,5372
-5981,64,5373
-5981,64,5374
-5981,64,5375
-5981,64,5376
-5981,64,5377
-5981,64,5378
-5981,64,5379
-5981,64,5380
-5980,64,5372
-5980,64,5373
-5980,64,5374
-5980,64,5375
-5980,64,5376
-5980,64,5377
-5980,64,5378
-5980,64,5379
-5980,64,5380
-5988,65,5372
-5988,65,5373
-5988,65,5374
-5988,65,5375
-5988,65,5376
-5988,65,5377
-5988,65,5378
-5988,65,5379
-5988,65,5380
-5987,65,5372
-5987,65,5373
-5987,65,5374
-5987,65,5375
-5987,65,5376
-5987,65,5377
-5987,65,5378
-5987,65,5379
-5987,65,5380
-5986,65,5372
-5986,65,5373
-5986,65,5375
-5986,65,5376
-5986,65,5377
-5986,65,5379
-5986,65,5380
-5985,65,5372
-5985,65,5373
-5985,65,5374
-5985,65,5375
-5985,65,5376
-5985,65,5377
-5985,65,5378
-5985,65,5379
-5985,65,5380
-5984,65,5372
-5984,65,5373
-5984,65,5374
-5984,65,5375
-5984,65,5377
-5984,65,5378
-5984,65,5379
-5984,65,5380
-5983,65,5372
-5983,65,5373
-5983,65,5374
-5983,65,5375
-5983,65,5376
-5983,65,5377
-5983,65,5378
-5983,65,5379
-5983,65,5380
-5982,65,5372
-5982,65,5373
-5982,65,5375
-5982,65,5376
-5982,65,5377
-5982,65,5379
-5982,65,5380
-5981,65,5372
-5981,65,5373
-5981,65,5374
-5981,65,5375
-5981,65,5376
-5981,65,5377
-5981,65,5378
-5981,65,5379
-5981,65,5380
-5980,65,5372
-5980,65,5373
-5980,65,5374
-5980,65,5375
-5980,65,5376
-5980,65,5377
-5980,65,5378
-5980,65,5379
-5980,65,5380
-5988,66,5372
-5988,66,5373
-5988,66,5374
-5988,66,5375
-5988,66,5376
-5988,66,5377
-5988,66,5378
-5988,66,5379
-5988,66,5380
-5987,66,5372
-5987,66,5373
-5987,66,5374
-5987,66,5375
-5987,66,5376
-5987,66,5377
-5987,66,5378
-5987,66,5379
-5987,66,5380
-5986,66,5372
-5986,66,5373
-5986,66,5375
-5986,66,5376
-5986,66,5377
-5986,66,5379
-5986,66,5380
-5985,66,5372
-5985,66,5373
-5985,66,5374
-5985,66,5375
-5985,66,5376
-5985,66,5377
-5985,66,5378
-5985,66,5379
-5985,66,5380
-5984,66,5372
-5984,66,5373
-5984,66,5374
-5984,66,5375
-5984,66,5377
-5984,66,5378
-5984,66,5379
-5984,66,5380
-5983,66,5372
-5983,66,5373
-5983,66,5374
-5983,66,5375
-5983,66,5376
-5983,66,5377
-5983,66,5378
-5983,66,5379
-5983,66,5380
-5982,66,5372
-5982,66,5373
-5982,66,5375
-5982,66,5376
-5982,66,5377
-5982,66,5379
-5982,66,5380
-5981,66,5372
-5981,66,5373
-5981,66,5374
-5981,66,5375
-5981,66,5376
-5981,66,5377
-5981,66,5378
-5981,66,5379
-5981,66,5380
-5980,66,5372
-5980,66,5373
-5980,66,5374
-5980,66,5375
-5980,66,5376
-5980,66,5377
-5980,66,5378
-5980,66,5379
-5980,66,5380
-5988,67,5372
-5988,67,5373
-5988,67,5374
-5988,67,5375
-5988,67,5376
-5988,67,5377
-5988,67,5378
-5988,67,5379
-5988,67,5380
-5987,67,5372
-5987,67,5373
-5987,67,5374
-5987,67,5375
-5987,67,5376
-5987,67,5377
-5987,67,5378
-5987,67,5379
-5987,67,5380
-5986,67,5372
-5986,67,5373
-5986,67,5379
-5986,67,5380
-5985,67,5372
-5985,67,5373
-5985,67,5375
-5985,67,5376
-5985,67,5377
-5985,67,5379
-5985,67,5380
-5984,67,5372
-5984,67,5373
-5984,67,5375
-5984,67,5376
-5984,67,5377
-5984,67,5379
-5984,67,5380
-5983,67,5372
-5983,67,5373
-5983,67,5375
-5983,67,5376
-5983,67,5377
-5983,67,5379
-5983,67,5380
-5982,67,5372
-5982,67,5373
-5982,67,5379
-5982,67,5380
-5981,67,5372
-5981,67,5373
-5981,67,5374
-5981,67,5375
-5981,67,5376
-5981,67,5377
-5981,67,5378
-5981,67,5379
-5981,67,5380
-5980,67,5372
-5980,67,5373
-5980,67,5374
-5980,67,5375
-5980,67,5376
-5980,67,5377
-5980,67,5378
-5980,67,5379
-5980,67,5380
-5988,68,5372
-5988,68,5373
-5988,68,5374
-5988,68,5375
-5988,68,5376
-5988,68,5377
-5988,68,5378
-5988,68,5379
-5988,68,5380
-5987,68,5372
-5987,68,5373
-5987,68,5374
-5987,68,5375
-5987,68,5376
-5987,68,5377
-5987,68,5378
-5987,68,5379
-5987,68,5380
-5986,68,5372
-5986,68,5373
-5986,68,5375
-5986,68,5376
-5986,68,5377
-5986,68,5379
-5986,68,5380
-5985,68,5372
-5985,68,5373
-5985,68,5374
-5985,68,5375
-5985,68,5376
-5985,68,5377
-5985,68,5378
-5985,68,5379
-5985,68,5380
-5984,68,5372
-5984,68,5373
-5984,68,5374
-5984,68,5375
-5984,68,5377
-5984,68,5378
-5984,68,5379
-5984,68,5380
-5983,68,5372
-5983,68,5373
-5983,68,5374
-5983,68,5375
-5983,68,5376
-5983,68,5377
-5983,68,5378
-5983,68,5379
-5983,68,5380
-5982,68,5372
-5982,68,5373
-5982,68,5375
-5982,68,5376
-5982,68,5377
-5982,68,5379
-5982,68,5380
-5981,68,5372
-5981,68,5373
-5981,68,5374
-5981,68,5375
-5981,68,5376
-5981,68,5377
-5981,68,5378
-5981,68,5379
-5981,68,5380
-5980,68,5372
-5980,68,5373
-5980,68,5374
-5980,68,5375
-5980,68,5376
-5980,68,5377
-5980,68,5378
-5980,68,5379
-5980,68,5380
-5988,69,5372
-5988,69,5373
-5988,69,5374
-5988,69,5375
-5988,69,5376
-5988,69,5377
-5988,69,5378
-5988,69,5379
-5988,69,5380
-5987,69,5372
-5987,69,5373
-5987,69,5374
-5987,69,5375
-5987,69,5376
-5987,69,5377
-5987,69,5378
-5987,69,5379
-5987,69,5380
-5986,69,5372
-5986,69,5373
-5986,69,5375
-5986,69,5376
-5986,69,5377
-5986,69,5379
-5986,69,5380
-5985,69,5372
-5985,69,5373
-5985,69,5374
-5985,69,5375
-5985,69,5376
-5985,69,5377
-5985,69,5378
-5985,69,5379
-5985,69,5380
-5984,69,5372
-5984,69,5373
-5984,69,5374
-5984,69,5375
-5984,69,5377
-5984,69,5378
-5984,69,5379
-5984,69,5380
-5983,69,5372
-5983,69,5373
-5983,69,5374
-5983,69,5375
-5983,69,5376
-5983,69,5377
-5983,69,5378
-5983,69,5379
-5983,69,5380
-5982,69,5372
-5982,69,5373
-5982,69,5375
-5982,69,5376
-5982,69,5377
-5982,69,5379
-5982,69,5380
-5981,69,5372
-5981,69,5373
-5981,69,5374
-5981,69,5375
-5981,69,5376
-5981,69,5377
-5981,69,5378
-5981,69,5379
-5981,69,5380
-5980,69,5372
-5980,69,5373
-5980,69,5374
-5980,69,5375
-5980,69,5376
-5980,69,5377
-5980,69,5378
-5980,69,5379
-5980,69,5380
-5988,70,5372
-5988,70,5373
-5988,70,5374
-5988,70,5375
-5988,70,5376
-5988,70,5377
-5988,70,5378
-5988,70,5379
-5988,70,5380
-5987,70,5372
-5987,70,5373
-5987,70,5374
-5987,70,5375
-5987,70,5376
-5987,70,5377
-5987,70,5378
-5987,70,5379
-5987,70,5380
-5986,70,5372
-5986,70,5373
-5986,70,5375
-5986,70,5376
-5986,70,5377
-5986,70,5379
-5986,70,5380
-5985,70,5372
-5985,70,5373
-5985,70,5374
-5985,70,5375
-5985,70,5376
-5985,70,5377
-5985,70,5378
-5985,70,5379
-5985,70,5380
-5984,70,5372
-5984,70,5373
-5984,70,5374
-5984,70,5375
-5984,70,5377
-5984,70,5378
-5984,70,5379
-5984,70,5380
-5983,70,5372
-5983,70,5373
-5983,70,5374
-5983,70,5375
-5983,70,5376
-5983,70,5377
-5983,70,5378
-5983,70,5379
-5983,70,5380
-5982,70,5372
-5982,70,5373
-5982,70,5375
-5982,70,5376
-5982,70,5377
-5982,70,5379
-5982,70,5380
-5981,70,5372
-5981,70,5373
-5981,70,5374
-5981,70,5375
-5981,70,5376
-5981,70,5377
-5981,70,5378
-5981,70,5379
-5981,70,5380
-5980,70,5372
-5980,70,5373
-5980,70,5374
-5980,70,5375
-5980,70,5376
-5980,70,5377
-5980,70,5378
-5980,70,5379
-5980,70,5380
-5988,71,5372
-5988,71,5373
-5988,71,5374
-5988,71,5375
-5988,71,5376
-5988,71,5377
-5988,71,5378
-5988,71,5379
-5988,71,5380
-5987,71,5372
-5987,71,5373
-5987,71,5374
-5987,71,5375
-5987,71,5376
-5987,71,5377
-5987,71,5378
-5987,71,5379
-5987,71,5380
-5986,71,5372
-5986,71,5373
-5986,71,5375
-5986,71,5376
-5986,71,5377
-5986,71,5379
-5986,71,5380
-5985,71,5372
-5985,71,5373
-5985,71,5374
-5985,71,5375
-5985,71,5376
-5985,71,5377
-5985,71,5378
-5985,71,5379
-5985,71,5380
-5984,71,5372
-5984,71,5373
-5984,71,5374
-5984,71,5375
-5984,71,5377
-5984,71,5378
-5984,71,5379
-5984,71,5380
-5983,71,5372
-5983,71,5373
-5983,71,5374
-5983,71,5375
-5983,71,5376
-5983,71,5377
-5983,71,5378
-5983,71,5379
-5983,71,5380
-5982,71,5372
-5982,71,5373
-5982,71,5375
-5982,71,5376
-5982,71,5377
-5982,71,5379
-5982,71,5380
-5981,71,5372
-5981,71,5373
-5981,71,5374
-5981,71,5375
-5981,71,5376
-5981,71,5377
-5981,71,5378
-5981,71,5379
-5981,71,5380
-5980,71,5372
-5980,71,5373
-5980,71,5374
-5980,71,5375
-5980,71,5376
-5980,71,5377
-5980,71,5378
-5980,71,5379
-5980,71,5380
-5988,72,5372
-5988,72,5373
-5988,72,5374
-5988,72,5375
-5988,72,5376
-5988,72,5377
-5988,72,5378
-5988,72,5379
-5988,72,5380
-5987,72,5372
-5987,72,5373
-5987,72,5374
-5987,72,5375
-5987,72,5376
-5987,72,5377
-5987,72,5378
-5987,72,5379
-5987,72,5380
-5986,72,5372
-5986,72,5373
-5986,72,5379
-5986,72,5380
-5985,72,5372
-5985,72,5373
-5985,72,5375
-5985,72,5376
-5985,72,5377
-5985,72,5379
-5985,72,5380
-5984,72,5372
-5984,72,5373
-5984,72,5375
-5984,72,5376
-5984,72,5377
-5984,72,5379
-5984,72,5380
-5983,72,5372
-5983,72,5373
-5983,72,5375
-5983,72,5376
-5983,72,5377
-5983,72,5379
-5983,72,5380
-5982,72,5372
-5982,72,5373
-5982,72,5379
-5982,72,5380
-5981,72,5372
-5981,72,5373
-5981,72,5374
-5981,72,5375
-5981,72,5376
-5981,72,5377
-5981,72,5378
-5981,72,5379
-5981,72,5380
-5980,72,5372
-5980,72,5373
-5980,72,5374
-5980,72,5375
-5980,72,5376
-5980,72,5377
-5980,72,5378
-5980,72,5379
-5980,72,5380
-5988,73,5372
-5988,73,5373
-5988,73,5374
-5988,73,5375
-5988,73,5376
-5988,73,5377
-5988,73,5378
-5988,73,5379
-5988,73,5380
-5987,73,5372
-5987,73,5373
-5987,73,5374
-5987,73,5375
-5987,73,5376
-5987,73,5377
-5987,73,5378
-5987,73,5379
-5987,73,5380
-5986,73,5372
-5986,73,5373
-5986,73,5375
-5986,73,5376
-5986,73,5377
-5986,73,5379
-5986,73,5380
-5985,73,5372
-5985,73,5373
-5985,73,5374
-5985,73,5375
-5985,73,5376
-5985,73,5377
-5985,73,5378
-5985,73,5379
-5985,73,5380
-5984,73,5372
-5984,73,5373
-5984,73,5374
-5984,73,5375
-5984,73,5377
-5984,73,5378
-5984,73,5379
-5984,73,5380
-5983,73,5372
-5983,73,5373
-5983,73,5374
-5983,73,5375
-5983,73,5376
-5983,73,5377
-5983,73,5378
-5983,73,5379
-5983,73,5380
-5982,73,5372
-5982,73,5373
-5982,73,5375
-5982,73,5376
-5982,73,5377
-5982,73,5379
-5982,73,5380
-5981,73,5372
-5981,73,5373
-5981,73,5374
-5981,73,5375
-5981,73,5376
-5981,73,5377
-5981,73,5378
-5981,73,5379
-5981,73,5380
-5980,73,5372
-5980,73,5373
-5980,73,5374
-5980,73,5375
-5980,73,5376
-5980,73,5377
-5980,73,5378
-5980,73,5379
-5980,73,5380
-5988,74,5372
-5988,74,5373
-5988,74,5374
-5988,74,5375
-5988,74,5376
-5988,74,5377
-5988,74,5378
-5988,74,5379
-5988,74,5380
-5987,74,5372
-5987,74,5373
-5987,74,5374
-5987,74,5375
-5987,74,5376
-5987,74,5377
-5987,74,5378
-5987,74,5379
-5987,74,5380
-5986,74,5372
-5986,74,5373
-5986,74,5375
-5986,74,5376
-5986,74,5377
-5986,74,5379
-5986,74,5380
-5985,74,5372
-5985,74,5373
-5985,74,5374
-5985,74,5375
-5985,74,5376
-5985,74,5377
-5985,74,5378
-5985,74,5379
-5985,74,5380
-5984,74,5372
-5984,74,5373
-5984,74,5374
-5984,74,5375
-5984,74,5377
-5984,74,5378
-5984,74,5379
-5984,74,5380
-5983,74,5372
-5983,74,5373
-5983,74,5374
-5983,74,5375
-5983,74,5376
-5983,74,5377
-5983,74,5378
-5983,74,5379
-5983,74,5380
-5982,74,5372
-5982,74,5373
-5982,74,5375
-5982,74,5376
-5982,74,5377
-5982,74,5379
-5982,74,5380
-5981,74,5372
-5981,74,5373
-5981,74,5374
-5981,74,5375
-5981,74,5376
-5981,74,5377
-5981,74,5378
-5981,74,5379
-5981,74,5380
-5980,74,5372
-5980,74,5373
-5980,74,5374
-5980,74,5375
-5980,74,5376
-5980,74,5377
-5980,74,5378
-5980,74,5379
-5980,74,5380
-5988,75,5372
-5988,75,5373
-5988,75,5374
-5988,75,5375
-5988,75,5376
-5988,75,5377
-5988,75,5378
-5988,75,5379
-5988,75,5380
-5987,75,5372
-5987,75,5373
-5987,75,5374
-5987,75,5375
-5987,75,5376
-5987,75,5377
-5987,75,5378
-5987,75,5379
-5987,75,5380
-5986,75,5372
-5986,75,5373
-5986,75,5375
-5986,75,5376
-5986,75,5377
-5986,75,5379
-5986,75,5380
-5985,75,5372
-5985,75,5373
-5985,75,5374
-5985,75,5375
-5985,75,5376
-5985,75,5377
-5985,75,5378
-5985,75,5379
-5985,75,5380
-5984,75,5372
-5984,75,5373
-5984,75,5374
-5984,75,5375
-5984,75,5377
-5984,75,5378
-5984,75,5379
-5984,75,5380
-5983,75,5372
-5983,75,5373
-5983,75,5374
-5983,75,5375
-5983,75,5376
-5983,75,5377
-5983,75,5378
-5983,75,5379
-5983,75,5380
-5982,75,5372
-5982,75,5373
-5982,75,5375
-5982,75,5376
-5982,75,5377
-5982,75,5379
-5982,75,5380
-5981,75,5372
-5981,75,5373
-5981,75,5374
-5981,75,5375
-5981,75,5376
-5981,75,5377
-5981,75,5378
-5981,75,5379
-5981,75,5380
-5980,75,5372
-5980,75,5373
-5980,75,5374
-5980,75,5375
-5980,75,5376
-5980,75,5377
-5980,75,5378
-5980,75,5379
-5980,75,5380
-5988,76,5372
-5988,76,5373
-5988,76,5374
-5988,76,5375
-5988,76,5376
-5988,76,5377
-5988,76,5378
-5988,76,5379
-5988,76,5380
-5987,76,5372
-5987,76,5373
-5987,76,5374
-5987,76,5375
-5987,76,5376
-5987,76,5377
-5987,76,5378
-5987,76,5379
-5987,76,5380
-5986,76,5372
-5986,76,5373
-5986,76,5375
-5986,76,5376
-5986,76,5377
-5986,76,5379
-5986,76,5380
-5985,76,5372
-5985,76,5373
-5985,76,5374
-5985,76,5375
-5985,76,5376
-5985,76,5377
-5985,76,5378
-5985,76,5379
-5985,76,5380
-5984,76,5372
-5984,76,5373
-5984,76,5374
-5984,76,5375
-5984,76,5377
-5984,76,5378
-5984,76,5379
-5984,76,5380
-5983,76,5372
-5983,76,5373
-5983,76,5374
-5983,76,5375
-5983,76,5376
-5983,76,5377
-5983,76,5378
-5983,76,5379
-5983,76,5380
-5982,76,5372
-5982,76,5373
-5982,76,5375
-5982,76,5376
-5982,76,5377
-5982,76,5379
-5982,76,5380
-5981,76,5372
-5981,76,5373
-5981,76,5374
-5981,76,5375
-5981,76,5376
-5981,76,5377
-5981,76,5378
-5981,76,5379
-5981,76,5380
-5980,76,5372
-5980,76,5373
-5980,76,5374
-5980,76,5375
-5980,76,5376
-5980,76,5377
-5980,76,5378
-5980,76,5379
-5980,76,5380
-5988,77,5372
-5988,77,5373
-5988,77,5374
-5988,77,5375
-5988,77,5376
-5988,77,5377
-5988,77,5378
-5988,77,5379
-5988,77,5380
-5987,77,5372
-5987,77,5373
-5987,77,5374
-5987,77,5375
-5987,77,5376
-5987,77,5377
-5987,77,5378
-5987,77,5379
-5987,77,5380
-5986,77,5372
-5986,77,5373
-5986,77,5379
-5986,77,5380
-5985,77,5372
-5985,77,5373
-5985,77,5379
-5985,77,5380
-5984,77,5372
-5984,77,5373
-5984,77,5377
-5984,77,5379
-5984,77,5380
-5983,77,5372
-5983,77,5373
-5983,77,5379
-5983,77,5380
-5982,77,5372
-5982,77,5373
-5982,77,5379
-5982,77,5380
-5981,77,5372
-5981,77,5373
-5981,77,5374
-5981,77,5375
-5981,77,5376
-5981,77,5377
-5981,77,5378
-5981,77,5379
-5981,77,5380
-5980,77,5372
-5980,77,5373
-5980,77,5374
-5980,77,5375
-5980,77,5376
-5980,77,5377
-5980,77,5378
-5980,77,5379
-5980,77,5380
-5988,78,5372
-5988,78,5373
-5988,78,5374
-5988,78,5375
-5988,78,5376
-5988,78,5377
-5988,78,5378
-5988,78,5379
-5988,78,5380
-5987,78,5372
-5987,78,5373
-5987,78,5374
-5987,78,5375
-5987,78,5376
-5987,78,5377
-5987,78,5378
-5987,78,5379
-5987,78,5380
-5986,78,5372
-5986,78,5373
-5986,78,5379
-5986,78,5380
-5985,78,5372
-5985,78,5373
-5985,78,5379
-5985,78,5380
-5984,78,5372
-5984,78,5373
-5984,78,5375
-5984,78,5376
-5984,78,5377
-5984,78,5378
-5984,78,5379
-5984,78,5380
-5983,78,5372
-5983,78,5373
-5983,78,5379
-5983,78,5380
-5982,78,5372
-5982,78,5373
-5982,78,5379
-5982,78,5380
-5981,78,5372
-5981,78,5373
-5981,78,5374
-5981,78,5375
-5981,78,5376
-5981,78,5377
-5981,78,5378
-5981,78,5379
-5981,78,5380
-5980,78,5372
-5980,78,5373
-5980,78,5374
-5980,78,5375
-5980,78,5376
-5980,78,5377
-5980,78,5378
-5980,78,5379
-5980,78,5380
-5988,79,5372
-5988,79,5373
-5988,79,5374
-5988,79,5375
-5988,79,5376
-5988,79,5377
-5988,79,5378
-5988,79,5379
-5988,79,5380
-5987,79,5372
-5987,79,5373
-5987,79,5374
-5987,79,5375
-5987,79,5376
-5987,79,5377
-5987,79,5378
-5987,79,5379
-5987,79,5380
-5986,79,5372
-5986,79,5373
-5986,79,5376
-5986,79,5379
-5986,79,5380
-5985,79,5372
-5985,79,5373
-5985,79,5376
-5985,79,5377
-5985,79,5379
-5985,79,5380
-5984,79,5372
-5984,79,5373
-5984,79,5374
-5984,79,5375
-5984,79,5376
-5984,79,5377
-5984,79,5378
-5984,79,5379
-5984,79,5380
-5983,79,5372
-5983,79,5373
-5983,79,5375
-5983,79,5376
-5983,79,5377
-5983,79,5379
-5983,79,5380
-5982,79,5372
-5982,79,5373
-5982,79,5376
-5982,79,5379
-5982,79,5380
-5981,79,5372
-5981,79,5373
-5981,79,5374
-5981,79,5375
-5981,79,5376
-5981,79,5377
-5981,79,5378
-5981,79,5379
-5981,79,5380
-5980,79,5372
-5980,79,5373
-5980,79,5374
-5980,79,5375
-5980,79,5376
-5980,79,5377
-5980,79,5378
-5980,79,5379
-5980,79,5380
-5988,80,5372
-5988,80,5373
-5988,80,5374
-5988,80,5375
-5988,80,5376
-5988,80,5377
-5988,80,5378
-5988,80,5379
-5988,80,5380
-5987,80,5372
-5987,80,5373
-5987,80,5374
-5987,80,5375
-5987,80,5376
-5987,80,5377
-5987,80,5378
-5987,80,5379
-5987,80,5380
-5986,80,5372
-5986,80,5373
-5986,80,5379
-5986,80,5380
-5985,80,5372
-5985,80,5373
-5985,80,5379
-5985,80,5380
-5984,80,5372
-5984,80,5373
-5984,80,5375
-5984,80,5376
-5984,80,5377
-5984,80,5379
-5984,80,5380
-5983,80,5372
-5983,80,5373
-5983,80,5375
-5983,80,5376
-5983,80,5377
-5983,80,5379
-5983,80,5380
-5982,80,5372
-5982,80,5373
-5982,80,5379
-5982,80,5380
-5981,80,5372
-5981,80,5373
-5981,80,5374
-5981,80,5375
-5981,80,5376
-5981,80,5377
-5981,80,5378
-5981,80,5379
-5981,80,5380
-5980,80,5372
-5980,80,5373
-5980,80,5374
-5980,80,5375
-5980,80,5376
-5980,80,5377
-5980,80,5378
-5980,80,5379
-5980,80,5380
-5988,81,5372
-5988,81,5373
-5988,81,5374
-5988,81,5375
-5988,81,5376
-5988,81,5377
-5988,81,5378
-5988,81,5379
-5988,81,5380
-5987,81,5372
-5987,81,5373
-5987,81,5374
-5987,81,5375
-5987,81,5376
-5987,81,5377
-5987,81,5378
-5987,81,5379
-5987,81,5380
-5986,81,5372
-5986,81,5373
-5986,81,5379
-5986,81,5380
-5985,81,5372
-5985,81,5373
-5985,81,5379
-5985,81,5380
-5984,81,5372
-5984,81,5373
-5984,81,5375
-5984,81,5376
-5984,81,5377
-5984,81,5379
-5984,81,5380
-5983,81,5372
-5983,81,5373
-5983,81,5375
-5983,81,5376
-5983,81,5377
-5983,81,5379
-5983,81,5380
-5982,81,5372
-5982,81,5373
-5982,81,5379
-5982,81,5380
-5981,81,5372
-5981,81,5373
-5981,81,5374
-5981,81,5375
-5981,81,5376
-5981,81,5377
-5981,81,5378
-5981,81,5379
-5981,81,5380
-5980,81,5372
-5980,81,5373
-5980,81,5374
-5980,81,5375
-5980,81,5376
-5980,81,5377
-5980,81,5378
-5980,81,5379
-5980,81,5380
-5988,82,5372
-5988,82,5373
-5988,82,5374
-5988,82,5375
-5988,82,5376
-5988,82,5377
-5988,82,5378
-5988,82,5379
-5988,82,5380
-5987,82,5372
-5987,82,5373
-5987,82,5374
-5987,82,5375
-5987,82,5376
-5987,82,5377
-5987,82,5378
-5987,82,5379
-5987,82,5380
-5986,82,5372
-5986,82,5373
-5986,82,5374
-5986,82,5375
-5986,82,5376
-5986,82,5377
-5986,82,5378
-5986,82,5379
-5986,82,5380
-5985,82,5372
-5985,82,5373
-5985,82,5376
-5985,82,5377
-5985,82,5379
-5985,82,5380
-5984,82,5372
-5984,82,5373
-5984,82,5377
-5984,82,5379
-5984,82,5380
-5983,82,5372
-5983,82,5373
-5983,82,5379
-5983,82,5380
-5982,82,5372
-5982,82,5373
-5982,82,5374
-5982,82,5375
-5982,82,5376
-5982,82,5377
-5982,82,5378
-5982,82,5379
-5982,82,5380
-5981,82,5372
-5981,82,5373
-5981,82,5374
-5981,82,5375
-5981,82,5376
-5981,82,5377
-5981,82,5378
-5981,82,5379
-5981,82,5380
-5980,82,5372
-5980,82,5373
-5980,82,5374
-5980,82,5375
-5980,82,5376
-5980,82,5377
-5980,82,5378
-5980,82,5379
-5980,82,5380
-5988,83,5372
-5988,83,5373
-5988,83,5374
-5988,83,5375
-5988,83,5376
-5988,83,5377
-5988,83,5378
-5988,83,5379
-5988,83,5380
-5987,83,5372
-5987,83,5373
-5987,83,5374
-5987,83,5375
-5987,83,5376
-5987,83,5377
-5987,83,5378
-5987,83,5379
-5987,83,5380
-5986,83,5372
-5986,83,5373
-5986,83,5374
-5986,83,5375
-5986,83,5376
-5986,83,5377
-5986,83,5378
-5986,83,5379
-5986,83,5380
-5985,83,5372
-5985,83,5373
-5985,83,5374
-5985,83,5375
-5985,83,5376
-5985,83,5377
-5985,83,5378
-5985,83,5379
-5985,83,5380
-5984,83,5372
-5984,83,5373
-5984,83,5379
-5984,83,5380
-5983,83,5372
-5983,83,5373
-5983,83,5374
-5983,83,5375
-5983,83,5376
-5983,83,5377
-5983,83,5378
-5983,83,5379
-5983,83,5380
-5982,83,5372
-5982,83,5373
-5982,83,5374
-5982,83,5375
-5982,83,5376
-5982,83,5377
-5982,83,5378
-5982,83,5379
-5982,83,5380
-5981,83,5372
-5981,83,5373
-5981,83,5374
-5981,83,5375
-5981,83,5376
-5981,83,5377
-5981,83,5378
-5981,83,5379
-5981,83,5380
-5980,83,5372
-5980,83,5373
-5980,83,5374
-5980,83,5375
-5980,83,5376
-5980,83,5377
-5980,83,5378
-5980,83,5379
-5980,83,5380
-5988,84,5372
-5988,84,5373
-5988,84,5374
-5988,84,5375
-5988,84,5376
-5988,84,5377
-5988,84,5378
-5988,84,5379
-5988,84,5380
-5987,84,5372
-5987,84,5373
-5987,84,5374
-5987,84,5375
-5987,84,5376
-5987,84,5377
-5987,84,5378
-5987,84,5379
-5987,84,5380
-5986,84,5372
-5986,84,5373
-5986,84,5374
-5986,84,5375
-5986,84,5376
-5986,84,5377
-5986,84,5378
-5986,84,5379
-5986,84,5380
-5985,84,5372
-5985,84,5373
-5985,84,5374
-5985,84,5375
-5985,84,5376
-5985,84,5377
-5985,84,5378
-5985,84,5379
-5985,84,5380
-5984,84,5372
-5984,84,5373
-5984,84,5374
-5984,84,5375
-5984,84,5376
-5984,84,5377
-5984,84,5378
-5984,84,5379
-5984,84,5380
-5983,84,5372
-5983,84,5373
-5983,84,5374
-5983,84,5375
-5983,84,5376
-5983,84,5377
-5983,84,5378
-5983,84,5379
-5983,84,5380
-5982,84,5372
-5982,84,5373
-5982,84,5374
-5982,84,5375
-5982,84,5376
-5982,84,5377
-5982,84,5378
-5982,84,5379
-5982,84,5380
-5981,84,5372
-5981,84,5373
-5981,84,5374
-5981,84,5375
-5981,84,5376
-5981,84,5377
-5981,84,5378
-5981,84,5379
-5981,84,5380
-5980,84,5372
-5980,84,5373
-5980,84,5374
-5980,84,5375
-5980,84,5376
-5980,84,5377
-5980,84,5378
-5980,84,5379
-5980,84,5380
-5985,78,5375
-5985,78,5376
-5985,78,5377
-5983,78,5375
-5983,78,5376
-5983,78,5377
-5985,79,5375
-5985,80,5375
-5985,80,5376
-5985,80,5377
-5985,81,5375
-5985,81,5376
-5985,81,5377
